image_width: 640
image_height: 480
camera_name: head_camera
camera_matrix:
  rows: 3
  cols: 3
  data: [518.4593148969775, 0, 338.590817433503, 0, 531.1841435821764, 314.5674019096617, 0, 0, 1]
distortion_model: plumb_bob
distortion_coefficients:
  rows: 1
  cols: 5
  data: [-0.2666379534310258, 0.0456863432819912, 0.007117825584522456, 0.00161397374193092, 0]
rectification_matrix:
  rows: 3
  cols: 3
  data: [1, 0, 0, 0, 1, 0, 0, 0, 1]
projection_matrix:
  rows: 3
  cols: 4
  data: [453.4053344726562, 0, 345.8161228289755, 0, 0, 480.3567810058594, 326.3252343943932, 0, 0, 0, 1, 0]